0
4370 0
6480 -1 0
-1 5660 4360 0
5790 -1 10390 -1 0
9520 -1 3060 6310 -1 0
-1 7020 -1 -1 -1 -1 0
4680 -1 3570 -1 -1 -1 -1 0
6160 5870 6500 -1 -1 -1 -1 -1 0
-1 -1 11070 -1 -1 -1 -1 -1 -1 0
11850 4650 -1 11070 -1 -1 -1 -1 -1 -1 0
-1 -1 6950 -1 -1 -1 -1 -1 -1 -1 -1 0
-1 -1 5470 -1 -1 -1 -1 -1 -1 -1 -1 -1 0
4150 -1 5160 6910 -1 -1 -1 -1 -1 -1 -1 -1 -1 0
-1 -1 5280 -1 -1 -1 -1 -1 -1 -1 -1 -1 -1 -1 0
-1 6570 4270 -1 -1 -1 -1 -1 -1 -1 -1 -1 -1 -1 -1 0
9460 1780 8830 -1 -1 -1 -1 -1 -1 -1 -1 -1 -1 -1 -1 -1 0
4710 -1 9040 -1 -1 -1 -1 -1 -1 -1 -1 -1 -1 -1 -1 -1 -1 0